000011221122
00002223133311120000
12330000111222330000
13331122000000001223
11220000123312330000
12230000123311230000
144433340000000022231112
122200003444233400001113
000033441112000023441223
233400001334000011122244
000011343444000012231223
000023341234000011441223
123412440000233411230000
000011230000123412342344
123412331244123400000000
2235000045551122334411340000
1235000044552233111234450000
0000124411442235123300003555
1334244515551122000023340000
0000000044552334123523451112
2234000023450000245511331145
1134000012550000233413452245
1235113513450000000023452244
45562666125500000000334423341112
11335556124422340000466612350000
00000000124445563466133622551123
00002246136611260000233444551355
23560000244513441135566600001223
24561236000000001334556612231445
11132466235624450000135500002346
34560000155622661345123400001234
34560000135600001224123623561445